0 ~Inverted Slope 45 2 x 2 - Without Front Slope, Back, Right, Left, and Bottom Faces
0 Name: s\3660ebs01.dat
0 Author: Magnus Forsberg [MagFors]
0 Modified: Emmet Brickowski [EBrick]
0 !LDRAW_ORG Unofficial_Subpart
0 !LICENSE Licensed under CC BY 4.0 : see CAreadme.txt

0 BFC CERTIFY CCW

4 16  18.0000 0.0000 -10.0000  20.0000 0.0000  10.0000 -20.0000 0.0000  10.0000 -18.0000 0.0000 -10.0000
4 16 -18.0000 0.0000 -10.0000 -20.0000 0.0000  10.0000 -20.0000 0.0000 -30.0000 -18.0000 0.0000 -26.0000
4 16 -18.0000 0.0000 -26.0000 -20.0000 0.0000 -30.0000  20.0000 0.0000 -30.0000  18.0000 0.0000 -26.0000
4 16  18.0000 0.0000 -26.0000  20.0000 0.0000 -30.0000  20.0000 0.0000  10.0000  18.0000 0.0000 -10.0000

2 24 -18.0000 0.0000 -10.0000 -18.0000 0.0000 -26.0000
2 24  18.0000 0.0000 -26.0000  18.0000 0.0000 -10.0000

0 BFC INVERTNEXT
1 16 0.0000 10.0000 -18.0000 18.0000 0.0000 0.0000 0.0000 2.0000  -8.0000 0.0000 0.0000 -8.0000 box2-5.dat
1 16 0.0000 10.0000 -10.0000 18.0000 0.0000 0.0000 0.0000 0.0000 -10.0000 0.0000 1.0000  0.0000 rect3.dat

4 16 -18.0000 0.0000 -10.0000 -18.0000  0.0000 -26.0000 -18.0000 4.0000 -26.0000 -18.0000 20.0000 -10.0000
4 16  18.0000 0.0000 -10.0000  18.0000 20.0000 -10.0000  18.0000 4.0000 -26.0000  18.0000  0.0000 -26.0000

1 16 0.0000  2.0000 -30.0000  20.0000 0.0000 0.0000 0.0000 0.0000  2.0000 0.0000  1.0000   0.0000 rect.dat
1 16 0.0000  0.0000 -10.0000  20.0000 0.0000 0.0000 0.0000 1.0000  0.0000 0.0000  0.0000  20.0000 recte3.dat
1 16 0.0000 12.0000  10.0000  20.0000 0.0000 0.0000 0.0000 0.0000 12.0000 0.0000 -1.0000   0.0000 recte3.dat
1 16 0.0000 24.0000   0.0000 -20.0000 0.0000 0.0000 0.0000 1.0000  0.0000 0.0000  0.0000 -10.0000 recte3.dat

2 24  20.0000 4.0000 -30.0000  20.0000 24.0000 -10.0000
2 24 -20.0000 4.0000 -30.0000 -20.0000 24.0000 -10.0000

1 16 0.0000 0.0000 0.0000 1.0000 0.0000 0.0000 0.0000 1.0000 0.0000 0.0000 0.0000 1.0000 stug-1x2.dat
