0 ~Slope 18 4 x 6 with Inner Walls - Without Front Slope, Back, Right, and Left Faces
0 Name: s\4040ebs01.dat
0 Author: James Jessiman
0 Modified: Emmet Brickowski [EBrick]
0 !LDRAW_ORG Unofficial_Subpart
0 !LICENSE Licensed under CC BY 4.0 : see CAreadme.txt

0 BFC CERTIFY CCW

1 16 -50.0000 5.3333 -10.0000 -1.0000 0.0000  0.0000 0.0000 -4.6666 0.0000  0.0000 0.0000  1.0000 stud3a.dat
1 16 -50.0000 4.0000 -10.0000  4.0000 0.0000  0.0000 0.0000  1.0000 1.3333  0.0000 0.0000 -4.0000 2-4edge.dat
1 16 -50.0000 4.0000 -10.0000  4.0000 0.0000  0.0000 0.0000  1.0000 0.0000  0.0000 0.0000  4.0000 2-4edge.dat
1 16 -50.0000 5.3333 -10.0000  0.0000 0.0000  4.0000 0.0000 -1.3333 0.0000 -4.0000 0.0000  0.0000 1-4cyls.dat
1 16 -50.0000 5.3333 -10.0000  0.0000 0.0000 -4.0000 0.0000 -1.3333 0.0000 -4.0000 0.0000  0.0000 1-4cyls.dat
1 16 -50.0000 4.0000 -10.0000 -4.0000 0.0000  0.0000 0.0000  1.3333 0.0000  0.0000 0.0000  4.0000 2-4cyli.dat

1 16 -50.0000 12.0000 -30.0000 -1.0000 0.0000  0.0000 0.0000 -3.0000 0.0000  0.0000 0.0000  1.0000 stud3a.dat
1 16 -50.0000 10.6667 -30.0000  4.0000 0.0000  0.0000 0.0000  1.0000 1.3333  0.0000 0.0000 -4.0000 4-4edge.dat
1 16 -50.0000 12.0000 -30.0000  0.0000 0.0000 -4.0000 0.0000 -1.3333 0.0000 -4.0000 0.0000  0.0000 4-4cyls.dat

1 16 -50.0000 18.6667 -50.0000 -1.0000 0.0000  0.0000 0.0000 -1.3333 0.0000  0.0000 0.0000  1.0000 stud3a.dat
1 16 -50.0000 18.6667 -50.0000  0.0000 0.0000 -4.0000 0.0000 -1.3333 0.0000 -4.0000 0.0000  0.0000 4-4cyls.dat
1 16 -50.0000 17.3333 -50.0000  4.0000 0.0000  0.0000 0.0000  1.0000 1.3333  0.0000 0.0000 -4.0000 4-4edge.dat

1 16 50.0000 5.3333 -10.0000 -1.0000 0.0000  0.0000 0.0000 -4.6666 0.0000  0.0000 0.0000  1.0000 stud3a.dat
1 16 50.0000 4.0000 -10.0000  4.0000 0.0000  0.0000 0.0000  1.0000 1.3333  0.0000 0.0000 -4.0000 2-4edge.dat
1 16 50.0000 4.0000 -10.0000  4.0000 0.0000  0.0000 0.0000  1.0000 0.0000  0.0000 0.0000  4.0000 2-4edge.dat
1 16 50.0000 5.3333 -10.0000  0.0000 0.0000  4.0000 0.0000 -1.3333 0.0000 -4.0000 0.0000  0.0000 1-4cyls.dat
1 16 50.0000 5.3333 -10.0000  0.0000 0.0000 -4.0000 0.0000 -1.3333 0.0000 -4.0000 0.0000  0.0000 1-4cyls.dat
1 16 50.0000 4.0000 -10.0000 -4.0000 0.0000  0.0000 0.0000  1.3333 0.0000  0.0000 0.0000  4.0000 2-4cyli.dat

1 16 50.0000 12.0000 -30.0000 -1.0000 0.0000  0.0000 0.0000 -3.0000 0.0000  0.0000 0.0000  1.0000 stud3a.dat
1 16 50.0000 10.6667 -30.0000  4.0000 0.0000  0.0000 0.0000  1.0000 1.3333  0.0000 0.0000 -4.0000 4-4edge.dat
1 16 50.0000 12.0000 -30.0000  0.0000 0.0000 -4.0000 0.0000 -1.3333 0.0000 -4.0000 0.0000  0.0000 4-4cyls.dat

1 16 50.0000 18.6667 -50.0000 -1.0000 0.0000  0.0000 0.0000 -1.3333 0.0000  0.0000 0.0000  1.0000 stud3a.dat
1 16 50.0000 18.6667 -50.0000  0.0000 0.0000 -4.0000 0.0000 -1.3333 0.0000 -4.0000 0.0000  0.0000 4-4cyls.dat
1 16 50.0000 17.3333 -50.0000  4.0000 0.0000  0.0000 0.0000  1.0000 1.3333  0.0000 0.0000 -4.0000 4-4edge.dat

4 16 40 24 -66 40 24 10 44 24 6 44 24 -66
4 16 40 24 10 60 24 10 56 24 6 44 24 6
4 16 60 24 10 60 24 -70 56 24 -66 56 24 6
4 16 -40 24 -66 -44 24 -66 -44 24 6 -40 24 10
4 16 -40 24 10 -44 24 6 -56 24 6 -60 24 10
4 16 -60 24 10 -56 24 6 -56 24 -66 -60 24 -70
4 16 60 24 -70 -60 24 -70 -56 24 -66 56 24 -66

2 24 -60.0000 24.0000 10.0000 -60.0000 24.0000 -70.0000
2 24 -56.0000 24.0000  6.0000 -56.0000 24.0000 -66.0000
2 24 -44.0000 24.0000  6.0000 -44.0000 24.0000 -66.0000
2 24 -40.0000 24.0000 10.0000 -40.0000 24.0000 -66.0000
2 24 -40.0000 24.0000 10.0000 -60.0000 24.0000  10.0000

0 BFC INVERTNEXT
1 16 -50.0000 14.0000  -2.0000 6.0000 0.0000 0.0000 0.0000 -10.0000 0.0000 0.0000   0.0000 8.0000 box2-5.dat
1 16 -50.0000 22.0000 -66.0000 6.0000 0.0000 0.0000 0.0000   0.0000 2.0000 0.0000  -1.0000 0.0000 rect.dat
1 16 -50.0000 12.0000 -38.0000 6.0000 0.0000 0.0000 0.0000   8.0000 0.0000 0.0000 -24.0000 4.0000 box2-7.dat

4 16 -56.0000  4.0000   6.0000 -56.0000  4.0000 -10.0000 -56.0000 20.0000 -58.0000 -56.0000 24.0000   6.0000
4 16 -56.0000 20.0000 -66.0000 -56.0000 24.0000 -66.0000 -56.0000 24.0000   6.0000 -56.0000 20.0000 -58.0000
4 16 -44.0000 24.0000   6.0000 -44.0000 20.0000 -58.0000 -44.0000  4.0000 -10.0000 -44.0000  4.0000   6.0000
4 16 -44.0000 20.0000 -58.0000 -44.0000 24.0000   6.0000 -44.0000 24.0000 -66.0000 -44.0000 20.0000 -66.0000

2 24 60.0000 24.0000 10.0000 60.0000 24.0000 -70.0000
2 24 56.0000 24.0000  6.0000 56.0000 24.0000 -66.0000
2 24 44.0000 24.0000  6.0000 44.0000 24.0000 -66.0000
2 24 40.0000 24.0000 10.0000 40.0000 24.0000 -66.0000
2 24 40.0000 24.0000 10.0000 60.0000 24.0000  10.0000

0 BFC INVERTNEXT
1 16 50.0000 14.0000  -2.0000 6.0000 0.0000 0.0000 0.0000 -10.0000 0.0000 0.0000   0.0000 8.0000 box2-5.dat
1 16 50.0000 22.0000 -66.0000 6.0000 0.0000 0.0000 0.0000   0.0000 2.0000 0.0000  -1.0000 0.0000 rect.dat
1 16 50.0000 12.0000 -38.0000 6.0000 0.0000 0.0000 0.0000   8.0000 0.0000 0.0000 -24.0000 4.0000 box2-7.dat

4 16 56.0000 24.0000   6.0000 56.0000 20.0000 -58.0000 56.0000  4.0000 -10.0000 56.0000  4.0000   6.0000
4 16 56.0000 20.0000 -58.0000 56.0000 24.0000   6.0000 56.0000 24.0000 -66.0000 56.0000 20.0000 -66.0000
4 16 44.0000  4.0000   6.0000 44.0000  4.0000 -10.0000 44.0000 20.0000 -58.0000 44.0000 24.0000   6.0000
4 16 44.0000 20.0000 -66.0000 44.0000 24.0000 -66.0000 44.0000 24.0000   6.0000 44.0000 20.0000 -58.0000

1 16 0.0000 12.0000 -38.0000 40.0000 0.0000 0.0000 0.0000  8.0000 0.0000 0.0000 -24.0000   4.0000 box2-7.dat
1 16 0.0000 22.0000 -66.0000 40.0000 0.0000 0.0000 0.0000  0.0000 2.0000 0.0000  -1.0000   0.0000 rect.dat
1 16 0.0000  4.0000   0.0000 40.0000 0.0000 0.0000 0.0000 -1.0000 0.0000 0.0000   0.0000 -10.0000 rect.dat

4 16 -40.0000  4.0000  10.0000 -40.0000  4.0000 -10.0000 -40.0000 20.0000 -58.0000 -40.0000 24.0000  10.0000
4 16 -40.0000 20.0000 -66.0000 -40.0000 24.0000 -66.0000 -40.0000 24.0000  10.0000 -40.0000 20.0000 -58.0000
4 16  40.0000 24.0000  10.0000  40.0000 20.0000 -58.0000  40.0000  4.0000 -10.0000  40.0000  4.0000  10.0000
4 16  40.0000 20.0000 -58.0000  40.0000 24.0000  10.0000  40.0000 24.0000 -66.0000  40.0000 20.0000 -66.0000

1 16 0.0000 22.0000 -70.0000 -60.0000 0.0000 0.0000 0.0000 0.0000 2.0000 0.0000 1.0000  0.0000 rect.dat
1 16 0.0000  0.0000   0.0000  60.0000 0.0000 0.0000 0.0000 1.0000 0.0000 0.0000 0.0000 10.0000 rect.dat

2 24 -60.0000 24.0000  10.0000 -60.0000 0.0000  10.0000
2 24 -60.0000 20.0000 -70.0000 -60.0000 0.0000 -10.0000
2 24 -40.0000 24.0000  10.0000 -40.0000 4.0000  10.0000
2 24  60.0000 24.0000  10.0000  60.0000 0.0000  10.0000
2 24  60.0000 20.0000 -70.0000  60.0000 0.0000 -10.0000
2 24  40.0000 24.0000  10.0000  40.0000 4.0000  10.0000

1 16 -50.0000 0.0000 0.0000 1.0000 0.0000 0.0000 0.0000 1.0000 0.0000 0.0000 0.0000 1.0000 stud.dat
1 16  50.0000 0.0000 0.0000 1.0000 0.0000 0.0000 0.0000 1.0000 0.0000 0.0000 0.0000 1.0000 stud.dat
