0 ~Wedge, Plate 3 x 2 Right - Without Top Face
0 Name: s\43722ebs01.dat
0 Author: Donald Sutter [technog]
0 Modified: Emmet Brickowski [EBrick]
0 !LDRAW_ORG Unofficial_Subpart
0 !LICENSE Licensed under CC BY 4.0 : see CAreadme.txt

0 BFC CERTIFY CW

1 16   0.0000 4.0000  0.0000   0.0000 20.0000 0.0000 -4.0000 0.0000  0.0000  0.0000  0.0000 30.0000 box3u4a.dat
1 16 -10.0000 4.0000 30.0000 -10.0000  0.0000 0.0000  0.0000 0.0000  4.0000  0.0000 -1.0000  0.0000 rect2p.dat
1 16 -10.0000 2.0000  0.0000 -10.0000  1.0000 0.0000  0.0000 0.0000 -2.0000 30.0000  0.0000  0.0000 rect3.dat

0 BFC INVERTNEXT
1 16  9.2500 8.0000   0.0000  0.0000 0.0000  6.7500   0.0000 -4.0000  0.0000 26.0000 0.0000 0.0000 box4-4a.dat
1 16 -6.1500 6.0000  26.0000 -8.6500 0.0000  0.0000   0.0000  0.0000  2.0000  0.0000 1.0000 0.0000 rect2p.dat
3 16  2.5000 4.0000 -26.0000  2.5000 4.0000 26.0000 -14.8300  4.0000 26.0000

0 BFC INVERTNEXT
1 16 0.0000 4.0000  10.0000 6.0000 0.0000  0.0000 0.0000  4.0000 0.0000  0.0000 0.0000  6.0000 4-4cyli.dat
1 16 0.0000 4.0000  10.0000 6.0000 0.0000  0.0000 0.0000  1.0000 0.0000  0.0000 0.0000  6.0000 4-4edge.dat
1 16 0.0000 8.0000  10.0000 6.0000 0.0000  0.0000 0.0000  1.0000 0.0000  0.0000 0.0000  6.0000 4-4edge.dat
1 16 0.0000 4.0000  10.0000 0.0000 0.0000  8.0000 0.0000  4.0000 0.0000 -8.0000 0.0000  0.0000 3-4cyli.dat
1 16 0.0000 4.0000  10.0000 0.0000 0.0000 -8.0000 0.0000  4.0000 0.0000 -8.0000 0.0000  0.0000 3-16cyli.dat
1 16 0.0000 4.0000  10.0000 0.0000 0.0000 -8.0000 0.0000  1.0000 0.0000 -8.0000 0.0000  0.0000 3-16edge.dat
1 16 0.0000 8.0000  10.0000 0.0000 0.0000 -8.0000 0.0000  1.0000 0.0000 -8.0000 0.0000  0.0000 3-16edge.dat
1 16 0.0000 4.0000  10.0000 0.0000 0.0000  8.0000 0.0000  1.0000 0.0000 -8.0000 0.0000  0.0000 3-4edge.dat
1 16 0.0000 8.0000  10.0000 0.0000 0.0000  8.0000 0.0000  1.0000 0.0000 -8.0000 0.0000  0.0000 3-4edge.dat
1 16 0.0000 8.0000  10.0000 2.0000 0.0000  0.0000 0.0000 -1.0000 0.0000  0.0000 0.0000  2.0000 ring3.dat
1 16 0.0000 4.0000 -10.0000 0.0000 0.0000  8.0000 0.0000  1.0000 0.0000  8.0000 0.0000  0.0000 2-4edge.dat
1 16 0.0000 4.0000 -10.0000 0.0000 0.0000  8.0000 0.0000  4.0000 0.0000  8.0000 0.0000  0.0000 2-4cyli.dat
1 16 0.0000 8.0000 -10.0000 0.0000 0.0000  8.0000 0.0000  1.0000 0.0000  8.0000 0.0000  0.0000 2-4edge.dat
1 16 0.0000 4.0000 -10.0000 0.0000 0.0000 -8.0000 0.0000  1.0000 0.0000  8.0000 0.0000  0.0000 3-16edge.dat
1 16 0.0000 4.0000 -10.0000 0.0000 0.0000 -8.0000 0.0000  4.0000 0.0000  8.0000 0.0000  0.0000 3-16cyli.dat
1 16 0.0000 8.0000 -10.0000 0.0000 0.0000 -8.0000 0.0000  1.0000 0.0000  8.0000 0.0000  0.0000 3-16edge.dat
1 16 0.0000 8.0000 -10.0000 0.0000 0.0000  2.0000 0.0000 -1.0000 0.0000  2.0000 0.0000  0.0000 2-4ring3.dat
1 16 0.0000 4.0000 -10.0000 6.0000 0.0000  0.0000 0.0000  1.0000 0.0000  0.0000 0.0000 -6.0000 1-4edge.dat

0 BFC INVERTNEXT
1 16 0.0000 4.0000 -10.0000 6.0000 0.0000 0.0000 0.0000 4.0000 0.0000 0.0000 0.0000 -6.0000 1-4cyli.dat
1 16 0.0000 8.0000 -10.0000 6.0000 0.0000 0.0000 0.0000 1.0000 0.0000 0.0000 0.0000 -6.0000 1-4edge.dat
1 16 0.0000 4.0000 -10.0000 6.0000 0.0000 0.0000 0.0000 1.0000 0.0000 0.0000 0.0000  6.0000 3-8edge.dat

0 BFC INVERTNEXT
1 16 0.0000 4.0000 -10.0000 6.0000 0.0000 0.0000 0.0000 4.0000 0.0000 0.0000 0.0000 6.0000 3-8cyli.dat
1 16 0.0000 8.0000 -10.0000 6.0000 0.0000 0.0000 0.0000 1.0000 0.0000 0.0000 0.0000 6.0000 3-8edge.dat

1 16 -14.5500 6.0000 25.1800 0.0000 -1.0000 -0.2800 2.0000 0.0000 0.0000 0.0000 0.0000 0.8100 rect.dat

0 BFC INVERTNEXT
1 16 -14.2700 8.0000  18.6000  1.7300  0.0000  1.7300  0.0000 -4.0000 0.0000   0.5700  0.0000 -5.2000 box3u8p.dat
1 16 -10.1000 6.0000  11.8000  0.0000 -1.0000 -0.7300 -2.0000  0.0000 0.0000   0.0000  0.0000  2.1800 rect.dat
1 16   1.1600 6.0000 -21.9800 -1.3400 -1.0000  0.0000  0.0000  0.0000 2.0000   4.0000  0.0000  0.0000 rect.dat
1 16  -2.5500 6.0000 -10.7500 -1.6700 -1.0000  0.0000  0.0000  0.0000 2.0000   5.0000  0.0000  0.0000 rect.dat
1 16 -13.0800 6.0000   9.2500  1.1900  1.0000  0.0000  0.0000  0.0000 2.0000  -3.5700  0.0000  0.0000 rect3.dat
1 16  -9.6400 6.0000   6.3100  0.0000  0.0000  2.2500 -2.0000  0.0000 0.0000   0.0000  1.0000  0.6300 rect3.dat
1 16  -8.6900 6.0000   9.8100  0.0000  0.0000  0.6900 -2.0000  0.0000 0.0000   0.0000 -1.0000  0.1900 rect3.dat
1 16  -7.5300 6.0000  -6.9600  0.0000  0.0000  0.1200 -2.0000  0.0000 0.0000   0.0000 -1.0000  0.0400 rect3.dat
1 16 -18.8650 6.0000  26.6100  1.1280  1.0000  0.0000  0.0000  0.0000 2.0000  -3.3800  0.0000  0.0000 rect3.dat
1 16  -3.8330 6.0000 -18.5000  3.8330  1.0000  0.0000  0.0000  0.0000 2.0000 -11.5000  0.0000  0.0000 rect3.dat
1 16  -0.4500 6.0000 -15.8700 -0.4500  0.0000  0.0000  0.0000  0.0000 2.0000   0.1300 -1.0000  0.0000 rect2p.dat
1 16  -0.0800 6.0000 -17.9850 -0.0800  0.0000  0.0000  0.0000  0.0000 2.0000   0.0150  1.0000  0.0000 rect2p.dat

4 16   0.0000 8.0000 -30.0000  20.0000 8.0000 -30.0000  16.0000 8.0000 -26.0000   2.5000 8.0000 -26.0000
4 16  20.0000 8.0000  30.0000  16.0000 8.0000  26.0000  16.0000 8.0000 -26.0000  20.0000 8.0000 -30.0000
4 16 -20.0000 8.0000  30.0000 -14.8300 8.0000  26.0000  16.0000 8.0000  26.0000  20.0000 8.0000  30.0000
4 16 -17.7300 8.0000  23.2300 -14.2700 8.0000  24.3700 -14.8300 8.0000  26.0000 -20.0000 8.0000  30.0000
4 16  -9.3800 8.0000   9.6200 -10.8300 8.0000  13.9800 -14.2700 8.0000  12.8300 -11.8900 8.0000   5.6800
4 16  -9.3800 8.0000   9.6200 -11.8900 8.0000   5.6800  -7.3900 8.0000   6.9400  -8.0000 8.0000  10.0000
4 16  -0.9300 8.0000 -15.7400  -0.1900 8.0000 -17.9700   0.0000 8.0000 -18.0000   0.0000 8.0000 -16.0000

4 16  -7.6800 8.0000 -7.0000  0.0000 8.0000 -30.0000  2.5000 8.0000 -26.0000  -7.3910 8.0000  -6.9390
4 16  -1.0440 8.0000 -2.0680 -0.9140 8.0000  -3.0600  0.0000 8.0000  -3.0000   0.0000 8.0000  -2.0000
4 16  -2.0710 8.0000 -2.2730 -1.8120 8.0000  -3.2390 -0.9140 8.0000  -3.0600  -1.0440 8.0000  -2.0680
4 16  -3.0610 8.0000 -2.6090 -2.6790 8.0000  -3.5330 -1.8120 8.0000  -3.2390  -2.0710 8.0000  -2.2730
4 16  -4.0000 8.0000 -3.0720 -3.5000 8.0000  -3.9380 -2.6790 8.0000  -3.5330  -3.0610 8.0000  -2.6090
4 16  -4.8700 8.0000 -3.6530 -4.2610 8.0000  -4.4470 -3.5000 8.0000  -3.9380  -4.0000 8.0000  -3.0720
4 16  -5.6570 8.0000 -4.3430 -4.9500 8.0000  -5.0500 -4.2610 8.0000  -4.4470  -4.8700 8.0000  -3.6530
4 16  -0.9140 8.0000 -3.0600 -0.7830 8.0000  -4.0510  0.0000 8.0000  -4.0000   0.0000 8.0000  -3.0000
4 16  -1.8120 8.0000 -3.2390 -1.5530 8.0000  -4.2040 -0.7830 8.0000  -4.0510  -0.9140 8.0000  -3.0600
4 16  -2.6790 8.0000 -3.5330 -2.2960 8.0000  -4.4570 -1.5530 8.0000  -4.2040  -1.8120 8.0000  -3.2390
4 16  -3.5000 8.0000 -3.9380 -3.0000 8.0000  -4.8040 -2.2960 8.0000  -4.4570  -2.6790 8.0000  -3.5330
4 16  -4.2610 8.0000 -4.4470 -3.6530 8.0000  -5.2400 -3.0000 8.0000  -4.8040  -3.5000 8.0000  -3.9380
4 16  -4.9500 8.0000 -5.0500 -4.2430 8.0000  -5.7570 -3.6530 8.0000  -5.2400  -4.2610 8.0000  -4.4470
4 16  -5.6570 8.0000 -4.3430 -6.3470 8.0000  -5.1300 -1.9950 8.0000 -12.5050  -4.2430 8.0000  -5.7570
4 16  -6.3470 8.0000 -5.1300 -6.9280 8.0000  -6.0000  0.2520 8.0000 -19.2520  -1.9950 8.0000 -12.5050
4 16  -6.9280 8.0000 -6.0000 -7.3910 8.0000  -6.9390  2.5000 8.0000 -26.0000   0.2520 8.0000 -19.2520
4 16 -11.8900 4.0000  5.6800 -5.6570 4.0000  -4.3430 -4.8700 4.0000  -3.8300  -8.3800 4.0000   6.6500
4 16  -7.6800 4.0000 -7.0000 -7.4000 4.0000  -7.0000 -5.6570 4.0000  -4.3430 -11.9000 4.0000   5.7000

2 24 -11.8900 4.0000  5.6800  -7.6800 4.0000 -7.0000
2 24 -17.7300 4.0000 23.2300 -14.2700 4.0000 12.8300

1 16 10.0000 0.0000 0.0000 0.0000 0.0000 -1.0000 0.0000 1.0000 0.0000 1.0000 0.0000 0.0000 stug-1x3.dat
