0 ~Wedge Plate 72 3 x 4 Left - Without Top Face
0 Name: s\43733ebs01.dat
0 Author: Emmet Brickowski [EBrick]
0 !LDRAW_ORG Unofficial_Subpart
0 !LICENSE Licensed under CC BY 4.0 : see CAreadme.txt

0 BFC CERTIFY CW

1 16 20.0000 4.0000  0.0000  0.0000 -60.0000 0.0000 -4.0000 0.0000  0.0000  0.0000  0.0000 30.0000 box3u4a.dat
1 16 30.0000 4.0000 30.0000 10.0000   0.0000 0.0000  0.0000 0.0000  4.0000  0.0000 -1.0000  0.0000 rect2p.dat
1 16 30.0000 2.0000  0.0000 10.0000  -1.0000 0.0000  0.0000 0.0000 -2.0000 30.0000  0.0000  0.0000 rect3.dat

0 BFC INVERTNEXT
1 16 -9.2500 8.0000  0.0000  0.0000 0.0000 -26.7500  0.0000 -4.0000   0.0000 26.0000 0.0000 0.0000 box4-4a.dat
1 16 26.1500 6.0000 26.0000  8.6500 0.0000   0.0000  0.0000  0.0000   2.0000  0.0000 1.0000 0.0000 rect2p.dat
3 16 34.8300 4.0000 26.0000 17.5000 4.0000  26.0000 17.5000  4.0000 -26.0000

0 BFC INVERTNEXT
1 16 20.0000 4.0000  10.0000 -6.0000 0.0000  0.0000 0.0000  4.0000 0.0000  0.0000 0.0000  6.0000 4-4cyli.dat
1 16 20.0000 4.0000  10.0000 -6.0000 0.0000  0.0000 0.0000  1.0000 0.0000  0.0000 0.0000  6.0000 4-4edge.dat
1 16 20.0000 8.0000  10.0000 -6.0000 0.0000  0.0000 0.0000  1.0000 0.0000  0.0000 0.0000  6.0000 4-4edge.dat
1 16 20.0000 4.0000  10.0000  0.0000 0.0000 -8.0000 0.0000  4.0000 0.0000 -8.0000 0.0000  0.0000 3-4cyli.dat
1 16 20.0000 4.0000  10.0000  0.0000 0.0000  8.0000 0.0000  4.0000 0.0000 -8.0000 0.0000  0.0000 3-16cyli.dat
1 16 20.0000 4.0000  10.0000  0.0000 0.0000  8.0000 0.0000  1.0000 0.0000 -8.0000 0.0000  0.0000 3-16edge.dat
1 16 20.0000 8.0000  10.0000  0.0000 0.0000  8.0000 0.0000  1.0000 0.0000 -8.0000 0.0000  0.0000 3-16edge.dat
1 16 20.0000 4.0000  10.0000  0.0000 0.0000 -8.0000 0.0000  1.0000 0.0000 -8.0000 0.0000  0.0000 3-4edge.dat
1 16 20.0000 8.0000  10.0000  0.0000 0.0000 -8.0000 0.0000  1.0000 0.0000 -8.0000 0.0000  0.0000 3-4edge.dat
1 16 20.0000 8.0000  10.0000 -2.0000 0.0000  0.0000 0.0000 -1.0000 0.0000  0.0000 0.0000  2.0000 ring3.dat
1 16 20.0000 4.0000 -10.0000  0.0000 0.0000 -8.0000 0.0000  1.0000 0.0000  8.0000 0.0000  0.0000 2-4edge.dat
1 16 20.0000 4.0000 -10.0000  0.0000 0.0000 -8.0000 0.0000  4.0000 0.0000  8.0000 0.0000  0.0000 2-4cyli.dat
1 16 20.0000 8.0000 -10.0000  0.0000 0.0000 -8.0000 0.0000  1.0000 0.0000  8.0000 0.0000  0.0000 2-4edge.dat
1 16 20.0000 4.0000 -10.0000  0.0000 0.0000  8.0000 0.0000  1.0000 0.0000  8.0000 0.0000  0.0000 3-16edge.dat
1 16 20.0000 4.0000 -10.0000  0.0000 0.0000  8.0000 0.0000  4.0000 0.0000  8.0000 0.0000  0.0000 3-16cyli.dat
1 16 20.0000 8.0000 -10.0000  0.0000 0.0000  8.0000 0.0000  1.0000 0.0000  8.0000 0.0000  0.0000 3-16edge.dat
1 16 20.0000 8.0000 -10.0000  0.0000 0.0000 -2.0000 0.0000 -1.0000 0.0000  2.0000 0.0000  0.0000 2-4ring3.dat
1 16 20.0000 4.0000 -10.0000 -6.0000 0.0000  0.0000 0.0000  1.0000 0.0000  0.0000 0.0000 -6.0000 1-4edge.dat

0 BFC INVERTNEXT
1 16 20.0000 4.0000 -10.0000 -6.0000 0.0000 0.0000 0.0000 4.0000 0.0000 0.0000 0.0000 -6.0000 1-4cyli.dat
1 16 20.0000 8.0000 -10.0000 -6.0000 0.0000 0.0000 0.0000 1.0000 0.0000 0.0000 0.0000 -6.0000 1-4edge.dat
1 16 20.0000 4.0000 -10.0000 -6.0000 0.0000 0.0000 0.0000 1.0000 0.0000 0.0000 0.0000  6.0000 3-8edge.dat

0 BFC INVERTNEXT
1 16 20.0000 4.0000 -10.0000 -6.0000 0.0000 0.0000 0.0000 4.0000 0.0000 0.0000 0.0000 6.0000 3-8cyli.dat
1 16 20.0000 8.0000 -10.0000 -6.0000 0.0000 0.0000 0.0000 1.0000 0.0000 0.0000 0.0000 6.0000 3-8edge.dat

1 16 34.5500 6.0000 25.1800 0.0000 1.0000 0.2800 2.0000 0.0000 0.0000 0.0000 0.0000 0.8100 rect.dat

0 BFC INVERTNEXT
1 16 34.2700 8.0000  18.6000 -1.7300  0.0000 -1.7300  0.0000 -4.0000 0.0000   0.5700  0.0000 -5.2000 box3u8p.dat
1 16 30.1000 6.0000  11.8000  0.0000  1.0000  0.7300 -2.0000  0.0000 0.0000   0.0000  0.0000  2.1800 rect.dat
1 16 18.8400 6.0000 -21.9800  1.3400  1.0000  0.0000  0.0000  0.0000 2.0000   4.0000  0.0000  0.0000 rect.dat
1 16 22.5500 6.0000 -10.7500  1.6700  1.0000  0.0000  0.0000  0.0000 2.0000   5.0000  0.0000  0.0000 rect.dat
1 16 33.0800 6.0000   9.2500 -1.1900 -1.0000  0.0000  0.0000  0.0000 2.0000  -3.5700  0.0000  0.0000 rect3.dat
1 16 29.6400 6.0000   6.3100  0.0000  0.0000 -2.2500 -2.0000  0.0000 0.0000   0.0000  1.0000  0.6300 rect3.dat
1 16 28.6900 6.0000   9.8100  0.0000  0.0000 -0.6900 -2.0000  0.0000 0.0000   0.0000 -1.0000  0.1900 rect3.dat
1 16 27.5300 6.0000  -6.9600  0.0000  0.0000 -0.1200 -2.0000  0.0000 0.0000   0.0000 -1.0000  0.0400 rect3.dat
1 16 38.8650 6.0000  26.6100 -1.1280 -1.0000  0.0000  0.0000  0.0000 2.0000  -3.3800  0.0000  0.0000 rect3.dat
1 16 23.8330 6.0000 -18.5000 -3.8330 -1.0000  0.0000  0.0000  0.0000 2.0000 -11.5000  0.0000  0.0000 rect3.dat
1 16 20.4500 6.0000 -15.8700  0.4500  0.0000  0.0000  0.0000  0.0000 2.0000   0.1300 -1.0000  0.0000 rect2p.dat
1 16 20.0800 6.0000 -17.9850  0.0800  0.0000  0.0000  0.0000  0.0000 2.0000   0.0150  1.0000  0.0000 rect2p.dat

4 16  17.5000 8.0000 -26.0000 -36.0000 8.0000 -26.0000 -40.0000 8.0000 -30.0000  20.0000 8.0000 -30.0000
4 16 -40.0000 8.0000 -30.0000 -36.0000 8.0000 -26.0000 -36.0000 8.0000  26.0000 -40.0000 8.0000  30.0000
4 16 -40.0000 8.0000  30.0000 -36.0000 8.0000  26.0000  34.8300 8.0000  26.0000  40.0000 8.0000  30.0000
4 16  40.0000 8.0000  30.0000  34.8300 8.0000  26.0000  34.2700 8.0000  24.3700  37.7300 8.0000  23.2300
4 16  31.8900 8.0000   5.6800  34.2700 8.0000  12.8300  30.8300 8.0000  13.9800  29.3800 8.0000   9.6200
4 16  28.0000 8.0000  10.0000  27.3900 8.0000   6.9400  31.8900 8.0000   5.6800  29.3800 8.0000   9.6200
4 16  20.0000 8.0000 -16.0000  20.0000 8.0000 -18.0000  20.1900 8.0000 -17.9700  20.9300 8.0000 -15.7400

4 16 27.3910 8.0000  -6.9390 17.5000 8.0000 -26.0000 20.0000 8.0000 -30.0000 27.6800 8.0000 -7.0000
4 16 20.0000 8.0000  -2.0000 20.0000 8.0000  -3.0000 20.9140 8.0000  -3.0600 21.0440 8.0000 -2.0680
4 16 21.0440 8.0000  -2.0680 20.9140 8.0000  -3.0600 21.8120 8.0000  -3.2390 22.0710 8.0000 -2.2730
4 16 22.0710 8.0000  -2.2730 21.8120 8.0000  -3.2390 22.6790 8.0000  -3.5330 23.0610 8.0000 -2.6090
4 16 23.0610 8.0000  -2.6090 22.6790 8.0000  -3.5330 23.5000 8.0000  -3.9380 24.0000 8.0000 -3.0720
4 16 24.0000 8.0000  -3.0720 23.5000 8.0000  -3.9380 24.2610 8.0000  -4.4470 24.8700 8.0000 -3.6530
4 16 24.8700 8.0000  -3.6530 24.2610 8.0000  -4.4470 24.9500 8.0000  -5.0500 25.6570 8.0000 -4.3430
4 16 20.0000 8.0000  -3.0000 20.0000 8.0000  -4.0000 20.7830 8.0000  -4.0510 20.9140 8.0000 -3.0600
4 16 20.9140 8.0000  -3.0600 20.7830 8.0000  -4.0510 21.5530 8.0000  -4.2040 21.8120 8.0000 -3.2390
4 16 21.8120 8.0000  -3.2390 21.5530 8.0000  -4.2040 22.2960 8.0000  -4.4570 22.6790 8.0000 -3.5330
4 16 22.6790 8.0000  -3.5330 22.2960 8.0000  -4.4570 23.0000 8.0000  -4.8040 23.5000 8.0000 -3.9380
4 16 23.5000 8.0000  -3.9380 23.0000 8.0000  -4.8040 23.6530 8.0000  -5.2400 24.2610 8.0000 -4.4470
4 16 24.2610 8.0000  -4.4470 23.6530 8.0000  -5.2400 24.2430 8.0000  -5.7570 24.9500 8.0000 -5.0500
4 16 24.2430 8.0000  -5.7570 21.9950 8.0000 -12.5050 26.3470 8.0000  -5.1300 25.6570 8.0000 -4.3430
4 16 21.9950 8.0000 -12.5050 19.7480 8.0000 -19.2520 26.9280 8.0000  -6.0000 26.3470 8.0000 -5.1300
4 16 19.7480 8.0000 -19.2520 17.5000 8.0000 -26.0000 27.3910 8.0000  -6.9390 26.9280 8.0000 -6.0000
4 16 28.3800 4.0000   6.6500 24.8700 4.0000  -3.8300 25.6570 4.0000  -4.3430 31.8900 4.0000  5.6800
4 16 31.9000 4.0000   5.7000 25.6570 4.0000  -4.3430 27.4000 4.0000  -7.0000 27.6800 4.0000 -7.0000

2 24 31.8900 4.0000  5.6800 27.6800 4.0000 -7.0000
2 24 37.7300 4.0000 23.2300 34.2700 4.0000 12.8300

1 16  10.0000 0.0000 0.0000  0.0000 0.0000 1.0000 0.0000  1.0000 0.0000 1.0000 0.0000 0.0000 stug-1x3.dat
1 16 -10.0000 0.0000 0.0000  0.0000 0.0000 1.0000 0.0000  1.0000 0.0000 1.0000 0.0000 0.0000 stug-1x3.dat
1 16 -30.0000 0.0000 0.0000  0.0000 0.0000 1.0000 0.0000  1.0000 0.0000 1.0000 0.0000 0.0000 stug-1x3.dat
1 16 -10.0000 4.0000 0.0000 -1.0000 0.0000 0.0000 0.0000 -1.0000 0.0000 0.0000 0.0000 1.0000 stug4-2x2.dat
