0 ~Wedge Plate 72 4 x 8 - Without Top Face
0 Name: s\43750ebs01.dat
0 Author: Emmet Brickowski [EBrick]
0 !LDRAW_ORG Unofficial_Subpart
0 !LICENSE Licensed under CC BY 4.0 : see CAreadme.txt

0 BFC CERTIFY CW

4 16 -80.0000 8.0000  40.0000 -76.0000 8.0000  36.0000  76.0000 8.0000  36.0000  80.0000 8.0000  40.0000
4 16 -60.0000 8.0000 -40.0000  60.0000 8.0000 -40.0000  57.5000 8.0000 -36.0000 -57.5000 8.0000 -36.0000
4 16 -80.0000 8.0000  40.0000 -80.0000 8.0000  20.0000 -76.0000 8.0000  20.0000 -76.0000 8.0000  36.0000
4 16  76.0000 8.0000  36.0000  76.0000 8.0000  20.0000  80.0000 8.0000  20.0000  80.0000 8.0000  40.0000

0 BFC INVERTNEXT
1 16 -60.0000 4.0000 0.0000 6.0000 0.0000  0.0000 0.0000  4.0000 0.0000  0.0000 0.0000 6.0000 4-4cyli.dat
1 16 -60.0000 4.0000 0.0000 6.0000 0.0000  0.0000 0.0000  1.0000 0.0000  0.0000 0.0000 6.0000 4-4edge.dat
1 16 -60.0000 8.0000 0.0000 6.0000 0.0000  0.0000 0.0000  1.0000 0.0000  0.0000 0.0000 6.0000 4-4edge.dat
1 16 -60.0000 4.0000 0.0000 0.0000 0.0000  8.0000 0.0000  4.0000 0.0000 -8.0000 0.0000 0.0000 3-4cyli.dat
1 16 -60.0000 4.0000 0.0000 0.0000 0.0000 -8.0000 0.0000  4.0000 0.0000 -8.0000 0.0000 0.0000 3-16cyli.dat
1 16 -60.0000 4.0000 0.0000 0.0000 0.0000 -8.0000 0.0000  1.0000 0.0000 -8.0000 0.0000 0.0000 3-16edge.dat
1 16 -60.0000 8.0000 0.0000 0.0000 0.0000 -8.0000 0.0000  1.0000 0.0000 -8.0000 0.0000 0.0000 3-16edge.dat
1 16 -60.0000 4.0000 0.0000 0.0000 0.0000  8.0000 0.0000  1.0000 0.0000 -8.0000 0.0000 0.0000 3-4edge.dat
1 16 -60.0000 8.0000 0.0000 0.0000 0.0000  8.0000 0.0000  1.0000 0.0000 -8.0000 0.0000 0.0000 3-4edge.dat
1 16 -60.0000 8.0000 0.0000 2.0000 0.0000  0.0000 0.0000 -1.0000 0.0000  0.0000 0.0000 2.0000 ring3.dat

1 16 -60.0000 4.0000 -20.0000 0.0000 0.0000  8.0000 0.0000  1.0000 0.0000 8.0000 0.0000  0.0000 2-4edge.dat
1 16 -60.0000 4.0000 -20.0000 0.0000 0.0000  8.0000 0.0000  4.0000 0.0000 8.0000 0.0000  0.0000 2-4cyli.dat
1 16 -60.0000 8.0000 -20.0000 0.0000 0.0000  8.0000 0.0000  1.0000 0.0000 8.0000 0.0000  0.0000 2-4edge.dat
1 16 -60.0000 4.0000 -20.0000 0.0000 0.0000 -8.0000 0.0000  1.0000 0.0000 8.0000 0.0000  0.0000 3-16edge.dat
1 16 -60.0000 4.0000 -20.0000 0.0000 0.0000 -8.0000 0.0000  4.0000 0.0000 8.0000 0.0000  0.0000 3-16cyli.dat
1 16 -60.0000 8.0000 -20.0000 0.0000 0.0000 -8.0000 0.0000  1.0000 0.0000 8.0000 0.0000  0.0000 3-16edge.dat
1 16 -60.0000 8.0000 -20.0000 0.0000 0.0000  2.0000 0.0000 -1.0000 0.0000 2.0000 0.0000  0.0000 2-4ring3.dat
1 16 -60.0000 4.0000 -20.0000 6.0000 0.0000  0.0000 0.0000  1.0000 0.0000 0.0000 0.0000 -6.0000 1-4edge.dat

0 BFC INVERTNEXT
1 16 -60.0000 4.0000 -20.0000 6.0000 0.0000 0.0000 0.0000 4.0000 0.0000 0.0000 0.0000 -6.0000 1-4cyli.dat
1 16 -60.0000 8.0000 -20.0000 6.0000 0.0000 0.0000 0.0000 1.0000 0.0000 0.0000 0.0000 -6.0000 1-4edge.dat
1 16 -60.0000 4.0000 -20.0000 6.0000 0.0000 0.0000 0.0000 1.0000 0.0000 0.0000 0.0000  6.0000 3-8edge.dat

0 BFC INVERTNEXT
1 16 -60.0000 4.0000 -20.0000 6.0000 0.0000 0.0000 0.0000 4.0000 0.0000 0.0000 0.0000 6.0000 3-8cyli.dat
1 16 -60.0000 8.0000 -20.0000 6.0000 0.0000 0.0000 0.0000 1.0000 0.0000 0.0000 0.0000 6.0000 3-8edge.dat

0 BFC INVERTNEXT
1 16 -74.2700 8.0000   8.6000  1.7300  0.0000  1.7300  0.0000 -4.0000 0.0000   0.5700  0.0000 -5.2000 box3u8p.dat
1 16 -75.1350 6.0000  17.1850  0.0000 -1.0000 -0.8650  2.0000  0.0000 0.0000   0.0000  0.0000  2.8150 rect.dat
1 16 -70.1000 6.0000   1.8000  0.0000 -1.0000 -0.7300 -2.0000  0.0000 0.0000   0.0000  0.0000  2.1800 rect.dat
1 16 -58.8400 6.0000 -31.9800 -1.3400 -1.0000  0.0000  0.0000  0.0000 2.0000   4.0000  0.0000  0.0000 rect.dat
1 16 -62.5500 6.0000 -20.7500 -1.6700 -1.0000  0.0000  0.0000  0.0000 2.0000   5.0000  0.0000  0.0000 rect.dat
1 16 -73.0800 6.0000  -0.7500  1.1900  1.0000  0.0000  0.0000  0.0000 2.0000  -3.5700  0.0000  0.0000 rect3.dat
1 16 -69.6400 6.0000  -3.6900  0.0000  0.0000  2.2500 -2.0000  0.0000 0.0000   0.0000  1.0000  0.6300 rect3.dat
1 16 -68.6900 6.0000  -0.1900  0.0000  0.0000  0.6900 -2.0000  0.0000 0.0000   0.0000 -1.0000  0.1900 rect3.dat
1 16 -67.5300 6.0000 -16.9600  0.0000  0.0000  0.1200 -2.0000  0.0000 0.0000   0.0000 -1.0000  0.0400 rect3.dat
1 16 -78.8650 6.0000  16.6100  1.1280  1.0000  0.0000  0.0000  0.0000 2.0000  -3.3800  0.0000  0.0000 rect3.dat
1 16 -63.8330 6.0000 -28.5000  3.8330  1.0000  0.0000  0.0000  0.0000 2.0000 -11.5000  0.0000  0.0000 rect3.dat
1 16 -60.4500 6.0000 -25.8700 -0.4500  0.0000  0.0000  0.0000  0.0000 2.0000   0.1300 -1.0000  0.0000 rect2p.dat
1 16 -60.0800 6.0000 -27.9850 -0.0800  0.0000  0.0000  0.0000  0.0000 2.0000   0.0150  1.0000  0.0000 rect2p.dat

4 16 -77.7300 8.0000  13.2300 -74.2700 8.0000  14.3700 -76.0000 8.0000  20.0000 -80.0000 8.0000  20.0000
4 16 -69.3800 8.0000  -0.3800 -70.8300 8.0000   3.9800 -74.2700 8.0000   2.8300 -71.8900 8.0000  -4.3200
4 16 -69.3800 8.0000  -0.3800 -71.8900 8.0000  -4.3200 -67.3900 8.0000  -3.0600 -68.0000 8.0000   0.0000
4 16 -60.9300 8.0000 -25.7400 -60.1900 8.0000 -27.9700 -60.0000 8.0000 -28.0000 -60.0000 8.0000 -26.0000
4 16 -67.6800 8.0000 -17.0000 -60.0000 8.0000 -40.0000 -57.5000 8.0000 -36.0000 -67.3910 8.0000 -16.9390
4 16 -61.0440 8.0000 -12.0680 -60.9140 8.0000 -13.0600 -60.0000 8.0000 -13.0000 -60.0000 8.0000 -12.0000
4 16 -62.0710 8.0000 -12.2730 -61.8120 8.0000 -13.2390 -60.9140 8.0000 -13.0600 -61.0440 8.0000 -12.0680
4 16 -63.0610 8.0000 -12.6090 -62.6790 8.0000 -13.5330 -61.8120 8.0000 -13.2390 -62.0710 8.0000 -12.2730
4 16 -64.0000 8.0000 -13.0720 -63.5000 8.0000 -13.9380 -62.6790 8.0000 -13.5330 -63.0610 8.0000 -12.6090
4 16 -64.8700 8.0000 -13.6530 -64.2610 8.0000 -14.4470 -63.5000 8.0000 -13.9380 -64.0000 8.0000 -13.0720
4 16 -65.6570 8.0000 -14.3430 -64.9500 8.0000 -15.0500 -64.2610 8.0000 -14.4470 -64.8700 8.0000 -13.6530
4 16 -60.9140 8.0000 -13.0600 -60.7830 8.0000 -14.0510 -60.0000 8.0000 -14.0000 -60.0000 8.0000 -13.0000
4 16 -61.8120 8.0000 -13.2390 -61.5530 8.0000 -14.2040 -60.7830 8.0000 -14.0510 -60.9140 8.0000 -13.0600
4 16 -62.6790 8.0000 -13.5330 -62.2960 8.0000 -14.4570 -61.5530 8.0000 -14.2040 -61.8120 8.0000 -13.2390
4 16 -63.5000 8.0000 -13.9380 -63.0000 8.0000 -14.8040 -62.2960 8.0000 -14.4570 -62.6790 8.0000 -13.5330
4 16 -64.2610 8.0000 -14.4470 -63.6530 8.0000 -15.2400 -63.0000 8.0000 -14.8040 -63.5000 8.0000 -13.9380
4 16 -64.9500 8.0000 -15.0500 -64.2430 8.0000 -15.7570 -63.6530 8.0000 -15.2400 -64.2610 8.0000 -14.4470
4 16 -65.6570 8.0000 -14.3430 -66.3470 8.0000 -15.1300 -61.9950 8.0000 -22.5050 -64.2430 8.0000 -15.7570
4 16 -66.3470 8.0000 -15.1300 -66.9280 8.0000 -16.0000 -59.7480 8.0000 -29.2520 -61.9950 8.0000 -22.5050
4 16 -66.9280 8.0000 -16.0000 -67.3910 8.0000 -16.9390 -57.5000 8.0000 -36.0000 -59.7480 8.0000 -29.2520
4 16 -71.8900 4.0000  -4.3200 -65.6570 4.0000 -14.3430 -64.8700 4.0000 -13.8300 -68.3800 4.0000  -3.3500
4 16 -67.6800 4.0000 -17.0000 -67.4000 4.0000 -17.0000 -65.6570 4.0000 -14.3430 -71.9000 4.0000  -4.3000

0 BFC INVERTNEXT
1 16 60.0000 4.0000 0.0000 -6.0000 0.0000  0.0000 0.0000  4.0000 0.0000  0.0000 0.0000 6.0000 4-4cyli.dat
1 16 60.0000 4.0000 0.0000 -6.0000 0.0000  0.0000 0.0000  1.0000 0.0000  0.0000 0.0000 6.0000 4-4edge.dat
1 16 60.0000 8.0000 0.0000 -6.0000 0.0000  0.0000 0.0000  1.0000 0.0000  0.0000 0.0000 6.0000 4-4edge.dat
1 16 60.0000 4.0000 0.0000  0.0000 0.0000 -8.0000 0.0000  4.0000 0.0000 -8.0000 0.0000 0.0000 3-4cyli.dat
1 16 60.0000 4.0000 0.0000  0.0000 0.0000  8.0000 0.0000  4.0000 0.0000 -8.0000 0.0000 0.0000 3-16cyli.dat
1 16 60.0000 4.0000 0.0000  0.0000 0.0000  8.0000 0.0000  1.0000 0.0000 -8.0000 0.0000 0.0000 3-16edge.dat
1 16 60.0000 8.0000 0.0000  0.0000 0.0000  8.0000 0.0000  1.0000 0.0000 -8.0000 0.0000 0.0000 3-16edge.dat
1 16 60.0000 4.0000 0.0000  0.0000 0.0000 -8.0000 0.0000  1.0000 0.0000 -8.0000 0.0000 0.0000 3-4edge.dat
1 16 60.0000 8.0000 0.0000  0.0000 0.0000 -8.0000 0.0000  1.0000 0.0000 -8.0000 0.0000 0.0000 3-4edge.dat
1 16 60.0000 8.0000 0.0000 -2.0000 0.0000  0.0000 0.0000 -1.0000 0.0000  0.0000 0.0000 2.0000 ring3.dat

1 16 60.0000 4.0000 -20.0000  0.0000 0.0000 -8.0000 0.0000  1.0000 0.0000 8.0000 0.0000  0.0000 2-4edge.dat
1 16 60.0000 4.0000 -20.0000  0.0000 0.0000 -8.0000 0.0000  4.0000 0.0000 8.0000 0.0000  0.0000 2-4cyli.dat
1 16 60.0000 8.0000 -20.0000  0.0000 0.0000 -8.0000 0.0000  1.0000 0.0000 8.0000 0.0000  0.0000 2-4edge.dat
1 16 60.0000 4.0000 -20.0000  0.0000 0.0000  8.0000 0.0000  1.0000 0.0000 8.0000 0.0000  0.0000 3-16edge.dat
1 16 60.0000 4.0000 -20.0000  0.0000 0.0000  8.0000 0.0000  4.0000 0.0000 8.0000 0.0000  0.0000 3-16cyli.dat
1 16 60.0000 8.0000 -20.0000  0.0000 0.0000  8.0000 0.0000  1.0000 0.0000 8.0000 0.0000  0.0000 3-16edge.dat
1 16 60.0000 8.0000 -20.0000  0.0000 0.0000 -2.0000 0.0000 -1.0000 0.0000 2.0000 0.0000  0.0000 2-4ring3.dat
1 16 60.0000 4.0000 -20.0000 -6.0000 0.0000  0.0000 0.0000  1.0000 0.0000 0.0000 0.0000 -6.0000 1-4edge.dat

0 BFC INVERTNEXT
1 16 60.0000 4.0000 -20.0000 -6.0000 0.0000 0.0000 0.0000 4.0000 0.0000 0.0000 0.0000 -6.0000 1-4cyli.dat
1 16 60.0000 8.0000 -20.0000 -6.0000 0.0000 0.0000 0.0000 1.0000 0.0000 0.0000 0.0000 -6.0000 1-4edge.dat
1 16 60.0000 4.0000 -20.0000 -6.0000 0.0000 0.0000 0.0000 1.0000 0.0000 0.0000 0.0000  6.0000 3-8edge.dat

0 BFC INVERTNEXT
1 16 60.0000 4.0000 -20.0000 -6.0000 0.0000 0.0000 0.0000 4.0000 0.0000 0.0000 0.0000 6.0000 3-8cyli.dat
1 16 60.0000 8.0000 -20.0000 -6.0000 0.0000 0.0000 0.0000 1.0000 0.0000 0.0000 0.0000 6.0000 3-8edge.dat

0 BFC INVERTNEXT
1 16 74.2700 8.0000   8.6000 -1.7300  0.0000 -1.7300  0.0000 -4.0000 0.0000   0.5700  0.0000 -5.2000 box3u8p.dat
1 16 75.1350 6.0000  17.1850  0.0000  1.0000  0.8650  2.0000  0.0000 0.0000   0.0000  0.0000  2.8150 rect.dat
1 16 70.1000 6.0000   1.8000  0.0000  1.0000  0.7300 -2.0000  0.0000 0.0000   0.0000  0.0000  2.1800 rect.dat
1 16 58.8400 6.0000 -31.9800  1.3400  1.0000  0.0000  0.0000  0.0000 2.0000   4.0000  0.0000  0.0000 rect.dat
1 16 62.5500 6.0000 -20.7500  1.6700  1.0000  0.0000  0.0000  0.0000 2.0000   5.0000  0.0000  0.0000 rect.dat
1 16 73.0800 6.0000  -0.7500 -1.1900 -1.0000  0.0000  0.0000  0.0000 2.0000  -3.5700  0.0000  0.0000 rect3.dat
1 16 69.6400 6.0000  -3.6900  0.0000  0.0000 -2.2500 -2.0000  0.0000 0.0000   0.0000  1.0000  0.6300 rect3.dat
1 16 68.6900 6.0000  -0.1900  0.0000  0.0000 -0.6900 -2.0000  0.0000 0.0000   0.0000 -1.0000  0.1900 rect3.dat
1 16 67.5300 6.0000 -16.9600  0.0000  0.0000 -0.1200 -2.0000  0.0000 0.0000   0.0000 -1.0000  0.0400 rect3.dat
1 16 78.8650 6.0000  16.6100 -1.1280 -1.0000  0.0000  0.0000  0.0000 2.0000  -3.3800  0.0000  0.0000 rect3.dat
1 16 63.8330 6.0000 -28.5000 -3.8330 -1.0000  0.0000  0.0000  0.0000 2.0000 -11.5000  0.0000  0.0000 rect3.dat
1 16 60.4500 6.0000 -25.8700  0.4500  0.0000  0.0000  0.0000  0.0000 2.0000   0.1300 -1.0000  0.0000 rect2p.dat
1 16 60.0800 6.0000 -27.9850  0.0800  0.0000  0.0000  0.0000  0.0000 2.0000   0.0150  1.0000  0.0000 rect2p.dat

4 16 80.0000 8.0000  20.0000 76.0000 8.0000  20.0000 74.2700 8.0000  14.3700 77.7300 8.0000  13.2300
4 16 71.8900 8.0000  -4.3200 74.2700 8.0000   2.8300 70.8300 8.0000   3.9800 69.3800 8.0000  -0.3800
4 16 68.0000 8.0000   0.0000 67.3900 8.0000  -3.0600 71.8900 8.0000  -4.3200 69.3800 8.0000  -0.3800
4 16 60.0000 8.0000 -26.0000 60.0000 8.0000 -28.0000 60.1900 8.0000 -27.9700 60.9300 8.0000 -25.7400
4 16 67.3910 8.0000 -16.9390 57.5000 8.0000 -36.0000 60.0000 8.0000 -40.0000 67.6800 8.0000 -17.0000
4 16 60.0000 8.0000 -12.0000 60.0000 8.0000 -13.0000 60.9140 8.0000 -13.0600 61.0440 8.0000 -12.0680
4 16 61.0440 8.0000 -12.0680 60.9140 8.0000 -13.0600 61.8120 8.0000 -13.2390 62.0710 8.0000 -12.2730
4 16 62.0710 8.0000 -12.2730 61.8120 8.0000 -13.2390 62.6790 8.0000 -13.5330 63.0610 8.0000 -12.6090
4 16 63.0610 8.0000 -12.6090 62.6790 8.0000 -13.5330 63.5000 8.0000 -13.9380 64.0000 8.0000 -13.0720
4 16 64.0000 8.0000 -13.0720 63.5000 8.0000 -13.9380 64.2610 8.0000 -14.4470 64.8700 8.0000 -13.6530
4 16 64.8700 8.0000 -13.6530 64.2610 8.0000 -14.4470 64.9500 8.0000 -15.0500 65.6570 8.0000 -14.3430
4 16 60.0000 8.0000 -13.0000 60.0000 8.0000 -14.0000 60.7830 8.0000 -14.0510 60.9140 8.0000 -13.0600
4 16 60.9140 8.0000 -13.0600 60.7830 8.0000 -14.0510 61.5530 8.0000 -14.2040 61.8120 8.0000 -13.2390
4 16 61.8120 8.0000 -13.2390 61.5530 8.0000 -14.2040 62.2960 8.0000 -14.4570 62.6790 8.0000 -13.5330
4 16 62.6790 8.0000 -13.5330 62.2960 8.0000 -14.4570 63.0000 8.0000 -14.8040 63.5000 8.0000 -13.9380
4 16 63.5000 8.0000 -13.9380 63.0000 8.0000 -14.8040 63.6530 8.0000 -15.2400 64.2610 8.0000 -14.4470
4 16 64.2610 8.0000 -14.4470 63.6530 8.0000 -15.2400 64.2430 8.0000 -15.7570 64.9500 8.0000 -15.0500
4 16 64.2430 8.0000 -15.7570 61.9950 8.0000 -22.5050 66.3470 8.0000 -15.1300 65.6570 8.0000 -14.3430
4 16 61.9950 8.0000 -22.5050 59.7480 8.0000 -29.2520 66.9280 8.0000 -16.0000 66.3470 8.0000 -15.1300
4 16 59.7480 8.0000 -29.2520 57.5000 8.0000 -36.0000 67.3910 8.0000 -16.9390 66.9280 8.0000 -16.0000
4 16 68.3800 4.0000  -3.3500 64.8700 4.0000 -13.8300 65.6570 4.0000 -14.3430 71.8900 4.0000  -4.3200
4 16 71.9000 4.0000  -4.3000 65.6570 4.0000 -14.3430 67.4000 4.0000 -17.0000 67.6800 4.0000 -17.0000

2 24 -71.8900 4.0000 -4.3200 -67.6800 4.0000 -17.0000
2 24 -77.7300 4.0000 13.2300 -74.2700 4.0000   2.8300
2 24  71.8900 4.0000 -4.3200  67.6800 4.0000 -17.0000
2 24  77.7300 4.0000 13.2300  74.2700 4.0000   2.8300

1 16   0.0000 6.0000  36.0000 -76.0000  0.0000 0.0000 0.0000 0.0000  2.0000   0.0000  1.0000 0.0000 rect2p.dat
1 16   0.0000 6.0000 -36.0000  57.5000  0.0000 0.0000 0.0000 0.0000  2.0000   0.0000 -1.0000 0.0000 rect2p.dat
1 16  76.0000 6.0000  28.0000   0.0000  1.0000 0.0000 0.0000 0.0000  2.0000   8.0000  0.0000 0.0000 rect.dat
1 16 -76.0000 6.0000  28.0000   0.0000 -1.0000 0.0000 0.0000 0.0000  2.0000  -8.0000  0.0000 0.0000 rect.dat
1 16   0.0000 4.0000  40.0000 -80.0000  0.0000 0.0000 0.0000 0.0000  4.0000   0.0000 -1.0000 0.0000 rect.dat
1 16   0.0000 4.0000 -40.0000  60.0000  0.0000 0.0000 0.0000 0.0000  4.0000   0.0000  1.0000 0.0000 rect2p.dat
1 16  70.0000 2.0000 -10.0000  10.0000 -1.0000 0.0000 0.0000 0.0000 -2.0000  30.0000  0.0000 0.0000 rect3.dat
1 16 -70.0000 2.0000 -10.0000 -10.0000  1.0000 0.0000 0.0000 0.0000 -2.0000  30.0000  0.0000 0.0000 rect3.dat
1 16  80.0000 4.0000  30.0000   0.0000 -1.0000 0.0000 0.0000 0.0000  4.0000  10.0000  0.0000 0.0000 rect2p.dat
1 16 -80.0000 4.0000  30.0000   0.0000  1.0000 0.0000 0.0000 0.0000  4.0000 -10.0000  0.0000 0.0000 rect2p.dat

4 16 -76.0000 4.0000 36.0000 -76.0000 4.0000  20.0000 76.0000 4.0000  20.0000 76.0000 4.0000 36.0000
4 16 -76.0000 4.0000 20.0000 -74.2700 4.0000  14.3700 74.2700 4.0000  14.3700 76.0000 4.0000 20.0000
4 16 -74.2700 4.0000 14.3700 -57.5000 4.0000 -36.0000 57.5000 4.0000 -36.0000 74.2700 4.0000 14.3700

1 16 0.0000 0.0000  30.0000 1.0000 0.0000 0.0000 0.0000 1.0000 0.0000 0.0000 0.0000 1.0000 stug-1x8.dat
1 16 0.0000 0.0000  10.0000 1.0000 0.0000 0.0000 0.0000 1.0000 0.0000 0.0000 0.0000 1.0000 stug-1x6.dat
1 16 0.0000 0.0000 -10.0000 1.0000 0.0000 0.0000 0.0000 1.0000 0.0000 0.0000 0.0000 1.0000 stug-1x6.dat
1 16 0.0000 0.0000 -30.0000 1.0000 0.0000 0.0000 0.0000 1.0000 0.0000 0.0000 0.0000 1.0000 stug-1x6.dat

1 16 0.0000 4.0000 -20.0000 1.0000 0.0000 0.0000 0.0000 -1.0000 0.0000 0.0000 0.0000 1.0000 stug4-1x5.dat
1 16 0.0000 4.0000   0.0000 1.0000 0.0000 0.0000 0.0000 -1.0000 0.0000 0.0000 0.0000 1.0000 stug4-1x5.dat
1 16 0.0000 4.0000  20.0000 1.0000 0.0000 0.0000 0.0000 -1.0000 0.0000 0.0000 0.0000 1.0000 stug4-1x7.dat
